00000000000000000000000000000000
00000000000000000000000000000010
00000000000000000000000000000100
11000000000000000000000000001010
00000000000000000000000000010100
00000000000000000000000000100000
10001000000000000000000001000000
10000000000000000000000010000000
00000000000000000000000100000000
00000000000000000000001000110000
00000000000000000000010001110000
00000000000000000000100000000000
00000000000000000001000000000000
00000000000000000010000000000000
00000000000000000100000000000000
00000000000000001000000000000000
00000000000000010000000000000000
00000000000000100000000000000000
00000000000001000000000000000000
00000000000010000000000000000000
00000000000100000000000000000000
00000000001000000000000000000000
00000000010000000000000000000000
00000000100000000000000000000000
00000001000000000000000000000000
00000010000000000000000000000000
00000100000000000000000000000000
00001000000000000000000000000000
00010000000000000000000000000000
00100000000000000000000000000000
01000000000000000000000000000000
10000000000000000000000000000000